1 1875
1 768
1 1719
1 982
1 1383
1 725
1 2003
1 2011
1 1667
1 546
1 1608
1 23
1 848
1 1053
1 208
1 2005
1 1362
1 1442
1 751
1 757
1 158
1 551
1 462
1 1932
1 1917
1 1968
1 486
1 2115
1 844
1 33
1 1462
1 2070
1 2052
1 1693
1 189
1 2093
1 547
1 2077
1 1004
1 1529
1 1350
1 777
1 2026
1 1376
1 337
1 2014
1 500
1 523
1 95
1 1674
1 756
1 1711
1 805
1 1243
1 2129
1 881
1 2152
1 1808
1 195
1 147
1 712
1 440
1 776
1 319
1 659
1 1103
1 544
1 417
1 870
1 937
1 476
1 68
1 1343
1 1061
1 269
1 350
1 1861
1 420
1 2339
1 1353
1 349
1 27
1 295
1 101
1 127
1 2219
1 41
1 908
1 719
1 235
1 380
1 125
1 635
1 882
1 679
1 442
1 1213
1 564
1 77
1 1867
1 708
1 668
1 1561
1 692
1 278
1 22
1 995
1 1267